每个图片可以看做三层二维数组叠加，每一层二维数组都是一个通道，单通道图像都是灰色
单通道图像效果
每个通道都是通过灰度表示，颜色越白，代表该通道的颜色越亮，黑色表示不包含钙通道的颜色


[[[128 126 127]
  [128 126 127]
  [128 126 127]
  ...
  [121 139 133]
  [121 139 133]
  [121 139 133]]

 [[128 126 127]
  [128 126 127]
  [128 126 127]
  ...
  [121 139 133]
  [121 139 133]
  [121 139 133]]

 [[128 126 127]
  [128 126 127]
  [128 126 127]
  ...
  [121 139 133]
  [121 139 133]
  [121 139 133]]

 ...

 [[ 94  78  59]
  [ 94  78  59]
  [ 93  77  58]
  ...
  [ 96  91  85]
  [ 98  93  87]
  [ 98  93  87]]

 [[ 93  77  58]
  [ 93  77  58]
  [ 92  76  57]
  ...
  [101  96  90]
  [100  95  89]
  [ 99  94  88]]

 [[ 93  77  58]
  [ 93  77  58]
  [ 92  76  57]
  ...
  [105 100  94]
  [102  97  91]
  [101  96  90]]]